834 4603
1038 4627
1224 4649
3883 4935
5722 5119
6542 5215
7187 5307
8926 5447
9776 5545
9920 5606
12225 5814
13385 5924
14744 6041
15044 6109
16089 6214
16384 6245
16969 6327
17614 6410
18148 6450
19003 6614
19243 6639
20307 6758
20553 6823
20753 6851
21162 6929
21722 7016
22827 7123
23851 7228
24471 7312
25056 7354
25556 7432
25851 7500
26061 7520
26301 7544
26491 7604
26995 7644
27649 7731
29890 7950
30265 8022
30599 8053
31304 8140
31645 8223
32594 8323
35038 8539
35767 8701
36027 8755
36553 8834
37657 8944
38927 9101
