664 0049
1140 0126
1730 0206
2615 0302
2945 0331
3910 0434
5555 0609
5765 0634
6080 0702
8585 0918
8930 0950
9180 1022
9445 1046
9855 1119
10760 1221
11260 1259
11615 1329
12280 1416
12615 1447
13999 1610
14210 1640
15200 1743
16295 1851
16930 1934
17250 2004
17750 2044
19869 2240
20224 2317
22029 2458
22849 2553
23714 2653
24369 2740
25102 2827
25477 2901
25926 2937
30117 3317
30677 3401
32762 3600
33727 3659
34122 3731
34597 3808
35312 3859
37512 4105
38507 4207
39132 4250
39997 4344
40252 4411
40487 4437
40847 4514
